city_area = { 3204 }

city_waters_area = { 3207 3321 3322 3323 3438 3439 }

city_hills_area = { 3436 3437 3552 3553 3554 3555 }

city_sands_area = { 2973 3088 3089 3090 3205 3206 }

city_mountains_area = { 2853 2854 2855 2856 2970 2972 }

city_fields_area = { 2971 3087 3203 3319 3320 3435 }

city_forest_area = { 2969 3085 3086 3201 3202 3318 }

# UNSORTED

the_desert_1m_1m_area = { 2392 2393 2394 2395 2508 2509 2510 2511 2512 2624 2625 2626 2627 2628 2629 2740 2741 2742 2743 2744 2745 2746 2857 2858 2859 2860 2861 2862 2974 2975 2976 2977 2978 3091 3092 3093 3094 }

the_desert_2m_2m_area = { 1931 1932 1933 1934 2047 2048 2049 2050 2051 2163 2164 2165 2166 2167 2168 2279 2280 2281 2282 2283 2284 2285 2396 2397 2398 2399 2400 2401 2513 2514 2515 2516 2517 2630 2631 2632 2633 }

the_desert_2m_3m_area = { 1576 1577 1578 1579 1692 1693 1694 1695 1696 1808 1809 1810 1811 1812 1813 1924 1925 1926 1927 1928 1929 1930 2041 2042 2043 2044 2045 2046 2158 2159 2160 2161 2162 2275 2276 2277 2278 }

the_desert_3m_4m_area = { 1115 1116 1117 1118 1231 1232 1233 1234 1235 1347 1348 1349 1350 1351 1352 1463 1464 1465 1466 1467 1468 1469 1580 1581 1582 1583 1584 1585 1697 1698 1699 1700 1701 1814 1815 1816 1817 }

the_desert_3m_3m_area = { 1470 1471 1472 1473 1586 1587 1588 1589 1590 1702 1703 1704 1705 1706 1707 1818 1819 1820 1821 1822 1823 1824 1935 1936 1937 1938 1939 1940 2052 2053 2054 2055 2056 2169 2170 2171 2172 }

grey_mountains_1m_2m_area = { 2037 2038 2039 2040 2153 2154 2155 2156 2157 2269 2270 2271 2272 2273 2274 2385 2386 2387 2388 2389 2390 2391 2502 2503 2504 2505 2506 2507 2619 2620 2621 2622 2623 2736 2737 2738 2739 }

grey_mountains_2m_4m_area = { 1221 1222 1223 1224 1337 1338 1339 1340 1341 1453 1454 1455 1456 1457 1458 1569 1570 1571 1572 1573 1574 1575 1686 1687 1688 1689 1690 1691 1803 1804 1805 1806 1807 1920 1921 1922 1923 }

grey_mountains_3m_6m_area = { 405 406 407 408 521 522 523 524 525 637 638 639 640 641 642 753 754 755 756 757 758 759 870 871 872 873 874 875 987 988 989 990 991 1104 1105 1106 1107 }

grey_mountains_2m_5m_area = { 866 867 868 869 982 983 984 985 986 1098 1099 1100 1101 1102 1103 1214 1215 1216 1217 1218 1219 1220 1331 1332 1333 1334 1335 1336 1448 1449 1450 1451 1452 1565 1566 1567 1568 }

grey_mountains_3m_5m_area = { 760 761 762 763 876 877 878 879 880 992 993 994 995 996 997 1108 1109 1110 1111 1112 1113 1114 1225 1226 1227 1228 1229 1230 1342 1343 1344 1345 1346 1459 1460 1461 1462 }

grey_mountains_1m_4m_area = { 1327 1328 1329 1330 1443 1444 1445 1446 1447 1559 1560 1561 1562 1563 1564 1675 1676 1677 1678 1679 1680 1681 1792 1793 1794 1795 1796 1797 1909 1910 1911 1912 1913 2026 2027 2028 2029 }

great_forest_0_1m_area = { 2498 2499 2500 2501 2614 2615 2616 2617 2618 2730 2731 2732 2733 2734 2735 2846 2847 2848 2849 2850 2851 2852 2963 2964 2965 2966 2967 2968 3080 3081 3082 3083 3084 3197 3198 3199 3200 }

great_forest_1p_0_area = { 2959 2960 2961 2962 3075 3076 3077 3078 3079 3191 3192 3193 3194 3195 3196 3307 3308 3309 3310 3311 3312 3313 3424 3425 3426 3427 3428 3429 3541 3542 3543 3544 3545 3658 3659 3660 3661 }

great_forest_0_2m_area = { 2143 2144 2145 2146 2259 2260 2261 2262 2263 2375 2376 2377 2378 2379 2380 2491 2492 2493 2494 2495 2496 2497 2608 2609 2610 2611 2612 2613 2725 2726 2727 2728 2729 2842 2843 2844 2845 }

great_forest_1m_3m_area = { 1682 1683 1684 1685 1798 1799 1800 1801 1802 1914 1915 1916 1917 1918 1919 2030 2031 2032 2033 2034 2035 2036 2147 2148 2149 2150 2151 2152 2264 2265 2266 2267 2268 2381 2382 2383 2384 }

great_forest_0_3m_area = { 1788 1789 1790 1791 1904 1905 1906 1907 1908 2020 2021 2022 2023 2024 2025 2136 2137 2138 2139 2140 2141 2142 2253 2254 2255 2256 2257 2258 2370 2371 2372 2373 2374 2487 2488 2489 2490 }

riverlands_1p_1p_area = { 3314 3315 3316 3317 3430 3431 3432 3433 3434 3546 3547 3548 3549 3550 3551 3662 3663 3664 3665 3666 3667 3668 3779 3780 3781 3782 3783 3784 3896 3897 3898 3899 3900 4013 4014 4015 4016 }

riverlands_2p_2p_area = { 3775 3776 3777 3778 3891 3892 3893 3894 3895 4007 4008 4009 4010 4011 4012 4123 4124 4125 4126 4127 4128 4129 4240 4241 4242 4243 4244 4245 4357 4358 4359 4360 4361 4474 4475 4476 4477 }

riverlands_2p_3p_area = { 4130 4131 4132 4133 4246 4247 4248 4249 4250 4362 4363 4364 4365 4366 4367 4478 4479 4480 4481 4482 4483 4484 4595 4596 4597 4598 4599 4600 4712 4713 4714 4715 4716 4829 4830 4831 4832 }

riverlands_3p_4p_area = { 4591 4592 4593 4594 4707 4708 4709 4710 4711 4823 4824 4825 4826 4827 4828 4939 4940 4941 4942 4943 4944 4945 5056 5057 5058 5059 5060 5061 5173 5174 5175 5176 5177 5290 5291 5292 5293 }

riverlands_3p_5p_area = { 4946 4947 4948 4949 5062 5063 5064 5065 5066 5178 5179 5180 5181 5182 5183 5294 5295 5296 5297 5298 5299 5300 5411 5412 5413 5414 5415 5416 5528 5529 5530 5531 5532 5645 5646 5647 5648 }

riverlands_3p_3p_area = { 4236 4237 4238 4239 4352 4353 4354 4355 4356 4468 4469 4470 4471 4472 4473 4584 4585 4586 4587 4588 4589 4590 4701 4702 4703 4704 4705 4706 4818 4819 4820 4821 4822 4935 4936 4937 4938 }

griffon_hills_1p_2p_area = { 3669 3670 3671 3672 3785 3786 3787 3788 3789 3901 3902 3903 3904 3905 3906 4017 4018 4019 4020 4021 4022 4023 4134 4135 4136 4137 4138 4139 4251 4252 4253 4254 4255 4368 4369 4370 4371 }

griffon_hills_2p_4p_area = { 4485 4486 4487 4488 4601 4602 4603 4604 4605 4717 4718 4719 4720 4721 4722 4833 4834 4835 4836 4837 4838 4839 4950 4951 4952 4953 4954 4955 5067 5068 5069 5070 5071 5184 5185 5186 5187 }

griffon_hills_3p_6p_area = { 5301 5302 5303 5304 5417 5418 5419 5420 5421 5533 5534 5535 5536 5537 5538 5649 5650 5651 5652 5653 5654 5655 5766 5767 5768 5769 5770 5771 5883 5884 5885 5886 5887 6000 6001 6002 6003 }

griffon_hills_2p_5p_area = { 4840 4841 4842 4843 4956 4957 4958 4959 4960 5072 5073 5074 5075 5076 5077 5188 5189 5190 5191 5192 5193 5194 5305 5306 5307 5308 5309 5310 5422 5423 5424 5425 5426 5539 5540 5541 5542 }

archipelago_0_1p_area = { 3208 3209 3210 3211 3324 3325 3326 3327 3328 3440 3441 3442 3443 3444 3445 3556 3557 3558 3559 3560 3561 3562 3673 3674 3675 3676 3677 3678 3790 3791 3792 3793 3794 3907 3908 3909 3910 }

archipelago_0_2p_area = { 3563 3564 3565 3566 3679 3680 3681 3682 3683 3795 3796 3797 3798 3799 3800 3911 3912 3913 3914 3915 3916 3917 4028 4029 4030 4031 4032 4033 4145 4146 4147 4148 4149 4262 4263 4264 4265 }

archipelago_1p_3p_area = { 4024 4025 4026 4027 4140 4141 4142 4143 4144 4256 4257 4258 4259 4260 4261 4372 4373 4374 4375 4376 4377 4378 4489 4490 4491 4492 4493 4494 4606 4607 4608 4609 4610 4723 4724 4725 4726 }

archipelago_1p_4p_area = { 4379 4380 4381 4382 4495 4496 4497 4498 4499 4611 4612 4613 4614 4615 4616 4727 4728 4729 4730 4731 4732 4733 4844 4845 4846 4847 4848 4849 4961 4962 4963 4964 4965 5078 5079 5080 5081 }

archipelago_0_3p_area = { 3918 3919 3920 3921 4034 4035 4036 4037 4038 4150 4151 4152 4153 4154 4155 4266 4267 4268 4269 4270 4271 4272 4383 4384 4385 4386 4387 4388 4500 4501 4502 4503 4504 4617 4618 4619 4620 }

the_maw_1m_0_area = { 2747 2748 2749 2750 2863 2864 2865 2866 2867 2979 2980 2981 2982 2983 2984 3095 3096 3097 3098 3099 3100 3101 3212 3213 3214 3215 3216 3217 3329 3330 3331 3332 3333 3446 3447 3448 3449 }

the_maw_1m_1p_area = { 3102 3103 3104 3105 3218 3219 3220 3221 3222 3334 3335 3336 3337 3338 3339 3450 3451 3452 3453 3454 3455 3456 3567 3568 3569 3570 3571 3572 3684 3685 3686 3687 3688 3801 3802 3803 3804 }

the_maw_2m_1m_area = { 2286 2287 2288 2289 2402 2403 2404 2405 2406 2518 2519 2520 2521 2522 2523 2634 2635 2636 2637 2638 2639 2640 2751 2752 2753 2754 2755 2756 2868 2869 2870 2871 2872 2985 2986 2987 2988 }

azure_lake_2p_1p_area = { 3420 3421 3422 3423 3536 3537 3538 3539 3540 3652 3653 3654 3655 3656 3657 3768 3769 3770 3771 3772 3773 3774 3885 3886 3887 3888 3889 3890 4002 4003 4004 4005 4006 4119 4120 4121 4122 }

azure_lake_1p_1m_area = { 2604 2605 2606 2607 2720 2721 2722 2723 2724 2836 2837 2838 2839 2840 2841 2952 2953 2954 2955 2956 2957 2958 3069 3070 3071 3072 3073 3074 3186 3187 3188 3189 3190 3303 3304 3305 3306 }

horizon_ocean_0_4p_area = { 4273 4274 4275 4276 4389 4390 4391 4392 4393 4505 4506 4507 4508 4509 4510 4621 4622 4623 4624 4625 4626 4627 4738 4739 4740 4741 4742 4743 4855 4856 4857 4858 4859 4972 4973 4974 4975 }

horizon_ocean_0_5p_area = { 4628 4629 4630 4631 4744 4745 4746 4747 4748 4860 4861 4862 4863 4864 4865 4976 4977 4978 4979 4980 4981 4982 5093 5094 5095 5096 5097 5098 5210 5211 5212 5213 5214 5327 5328 5329 5330 }

horizon_ocean_0_6p_area = { 4983 4984 4985 4986 5099 5100 5101 5102 5103 5215 5216 5217 5218 5219 5220 5331 5332 5333 5334 5335 5336 5337 5448 5449 5450 5451 5452 5453 5565 5566 5567 5568 5569 5682 5683 5684 5685 }

horizon_ocean_1p_5p_area = { 4734 4735 4736 4737 4850 4851 4852 4853 4854 4966 4967 4968 4969 4970 4971 5082 5083 5084 5085 5086 5087 5088 5199 5200 5201 5202 5203 5204 5316 5317 5318 5319 5320 5433 5434 5435 5436 }

horizon_ocean_1p_6p_area = { 5089 5090 5091 5092 5205 5206 5207 5208 5209 5321 5322 5323 5324 5325 5326 5437 5438 5439 5440 5441 5442 5443 5554 5555 5556 5557 5558 5559 5671 5672 5673 5674 5675 5788 5789 5790 5791 }

horizon_ocean_1p_7p_area = { 5444 5445 5446 5447 5560 5561 5562 5563 5564 5676 5677 5678 5679 5680 5681 5792 5793 5794 5795 5796 5797 5798 5909 5910 5911 5912 5913 5914 6026 6027 6028 6029 6030 6143 6144 6145 6146 }

horizon_ocean_1p_8p_area = { 5799 5800 5801 5802 5915 5916 5917 5918 5919 6031 6032 6033 6034 6035 6036 6147 6148 6149 6150 6151 6152 6153 6264 6265 6266 6267 6268 6269 6381 6382 6383 6384 6385 6498 6499 6500 6501 }

horizon_ocean_2p_6p_area = { 5195 5196 5197 5198 5311 5312 5313 5314 5315 5427 5428 5429 5430 5431 5432 5543 5544 5545 5546 5547 5548 5549 5660 5661 5662 5663 5664 5665 5777 5778 5779 5780 5781 5894 5895 5896 5897 }

horizon_ocean_2p_7p_area = { 5550 5551 5552 5553 5666 5667 5668 5669 5670 5782 5783 5784 5785 5786 5787 5898 5899 5900 5901 5902 5903 5904 6015 6016 6017 6018 6019 6020 6132 6133 6134 6135 6136 6249 6250 6251 6252 }

horizon_ocean_2p_8p_area = { 5905 5906 5907 5908 6021 6022 6023 6024 6025 6137 6138 6139 6140 6141 6142 6253 6254 6255 6256 6257 6258 6259 6370 6371 6372 6373 6374 6375 6487 6488 6489 6490 6491 }

horizon_ocean_3p_7p_area = { 5656 5657 5658 5659 5772 5773 5774 5775 5776 5888 5889 5890 5891 5892 5893 6004 6005 6006 6007 6008 6009 6010 6121 6122 6123 6124 6125 6126 6238 6239 6240 6241 6242 6355 6356 6357 6358 }

horizon_ocean_3p_8p_area = { 6011 6012 6013 6014 6127 6128 6129 6130 6131 6243 6244 6245 6246 6247 6248 6359 6360 6361 6362 6363 6364 6365 6476 6477 6478 6479 6480 6481 }

horizon_ocean_4p_8p_area = { 6117 6118 6119 6120 6233 6234 6235 6236 6237 6349 6350 6351 6352 6353 6354 6465 6466 6467 6468 6469 6470 6471 }

horizon_ocean_3p_9p_area = { 6366 6367 6368 6369 6482 6483 6484 6485 6486 }

horizon_ocean_2p_9p_area = { 6260 6261 6262 6263 6376 6377 6378 6379 6380 6492 6493 6494 6495 6496 6497 }

horizon_ocean_4p_9p_area = { 6472 6473 6474 6475 }

tempest_coast_4m_6m_area = { 299 300 301 302 415 416 417 418 419 531 532 533 534 535 536 647 648 649 650 651 652 653 764 765 766 767 768 769 881 882 883 884 885 998 999 1000 1001 }

tempest_coast_4m_5m_area = { 654 655 656 657 770 771 772 773 774 886 887 888 889 890 891 1002 1003 1004 1005 1006 1007 1008 1119 1120 1121 1122 1123 1124 1236 1237 1238 1239 1240 1353 1354 1355 1356 }

tempest_coast_5m_6m_area = { 193 194 195 196 309 310 311 312 313 425 426 427 428 429 430 541 542 543 544 545 546 547 658 659 660 661 662 663 775 776 777 778 779 892 893 894 895 }

tempest_coast_6m_7m_area = { 80 81 82 83 84 85 86 197 198 199 200 201 202 314 315 316 317 318 431 432 433 434 }

tempest_sea_4m_7m_area = { 60 61 62 63 64 176 177 178 179 180 181 292 293 294 295 296 297 298 409 410 411 412 413 414 526 527 528 529 530 643 644 645 646 }

tempest_sea_4m_8m_area = { 54 55 56 57 58 59 171 172 173 174 175 288 289 290 291 }

tempest_sea_5m_7m_area = { 70 71 72 73 74 75 186 187 188 189 190 191 192 303 304 305 306 307 308 420 421 422 423 424 537 538 539 540 }

tempest_sea_5m_8m_area = { 65 66 67 68 69 182 183 184 185 }

tempest_sea_6m_8m_area = { 76 77 78 79 }

silk_highlands_1m_2p_area = { 3457 3458 3459 3460 3573 3574 3575 3576 3577 3689 3690 3691 3692 3693 3694 3805 3806 3807 3808 3809 3810 3811 3922 3923 3924 3925 3926 3927 4039 4040 4041 4042 4043 4156 4157 4158 4159 }

silk_highlands_1m_3p_area = { 3812 3813 3814 3815 3928 3929 3930 3931 3932 4044 4045 4046 4047 4048 4049 4160 4161 4162 4163 4164 4165 4166 4277 4278 4279 4280 4281 4282 4394 4395 4396 4397 4398 4511 4512 4513 4514 }

silk_highlands_1m_4p_area = { 4167 4168 4169 4170 4283 4284 4285 4286 4287 4399 4400 4401 4402 4403 4404 4515 4516 4517 4518 4519 4520 4521 4632 4633 4634 4635 4636 4637 4749 4750 4751 4752 4753 4866 4867 4868 4869 }

silk_highlands_2m_0_area = { 2641 2642 2643 2644 2757 2758 2759 2760 2761 2873 2874 2875 2876 2877 2878 2989 2990 2991 2992 2993 2994 2995 3106 3107 3108 3109 3110 3111 3223 3224 3225 3226 3227 3340 3341 3342 3343 }

silk_highlands_2m_1p_area = { 2996 2997 2998 2999 3112 3113 3114 3115 3116 3228 3229 3230 3231 3232 3233 3344 3345 3346 3347 3348 3349 3350 3461 3462 3463 3464 3465 3466 3578 3579 3580 3581 3582 3695 3696 3697 3698 }

silk_highlands_2m_2p_area = { 3351 3352 3353 3354 3467 3468 3469 3470 3471 3583 3584 3585 3586 3587 3588 3699 3700 3701 3702 3703 3704 3705 3816 3817 3818 3819 3820 3821 3933 3934 3935 3936 3937 4050 4051 4052 4053 }

silk_highlands_2m_3p_area = { 3706 3707 3708 3709 3822 3823 3824 3825 3826 3938 3939 3940 3941 3942 3943 4054 4055 4056 4057 4058 4059 4060 4171 4172 4173 4174 4175 4176 4288 4289 4290 4291 4292 4405 4406 4407 4408 }

silk_highlands_3m_1p_area = { 2890 2891 2892 2893 3006 3007 3008 3009 3010 3122 3123 3124 3125 3126 3127 3238 3239 3240 3241 3242 3243 3244 3355 3356 3357 3358 3359 3360 3472 3473 3474 3475 3476 3589 3590 3591 3592 }

mangrove_shoals_1m_5p_area = { 4522 4523 4524 4525 4638 4639 4640 4641 4642 4754 4755 4756 4757 4758 4759 4870 4871 4872 4873 4874 4875 4876 4987 4988 4989 4990 4991 4992 5104 5105 5106 5107 5108 5221 5222 5223 5224 }

mangrove_shoals_0_7p_area = { 5338 5339 5340 5341 5454 5455 5456 5457 5458 5570 5571 5572 5573 5574 5575 5686 5687 5688 5689 5690 5691 5692 5803 5804 5805 5806 5807 5808 5920 5921 5922 5923 5924 6037 6038 6039 6040 }

mangrove_shoals_1m_6p_area = { 4877 4878 4879 4880 4993 4994 4995 4996 4997 5109 5110 5111 5112 5113 5114 5225 5226 5227 5228 5229 5230 5231 5342 5343 5344 5345 5346 5347 5459 5460 5461 5462 5463 5576 5577 5578 5579 }

vine_coast_4m_2p_area = { 3139 3140 3141 3142 3255 3256 3257 3258 3259 3371 3372 3373 3374 3375 3376 3487 3488 3489 3490 3491 3492 3493 3604 3605 3606 3607 3608 3609 3721 3722 3723 3724 3725 3838 3839 3840 3841 }

vine_coast_4m_1p_area = { 2784 2785 2786 2787 2900 2901 2902 2903 2904 3016 3017 3018 3019 3020 3021 3132 3133 3134 3135 3136 3137 3138 3249 3250 3251 3252 3253 3254 3366 3367 3368 3369 3370 3483 3484 3485 3486 }

vine_coast_3m_3p_area = { 3600 3601 3602 3603 3716 3717 3718 3719 3720 3832 3833 3834 3835 3836 3837 3948 3949 3950 3951 3952 3953 3954 4065 4066 4067 4068 4069 4070 4182 4183 4184 4185 4186 4299 4300 4301 4302 }

vine_coast_3m_2p_area = { 3245 3246 3247 3248 3361 3362 3363 3364 3365 3477 3478 3479 3480 3481 3482 3593 3594 3595 3596 3597 3598 3599 3710 3711 3712 3713 3714 3715 3827 3828 3829 3830 3831 3944 3945 3946 3947 }

vine_coast_2m_4p_area = { 4061 4062 4063 4064 4177 4178 4179 4180 4181 4293 4294 4295 4296 4297 4298 4409 4410 4411 4412 4413 4414 4415 4526 4527 4528 4529 4530 4531 4643 4644 4645 4646 4647 4760 4761 4762 4763 }

violet_steppes_3m_0_area = { 2535 2536 2537 2538 2651 2652 2653 2654 2655 2767 2768 2769 2770 2771 2772 2883 2884 2885 2886 2887 2888 2889 3000 3001 3002 3003 3004 3005 3117 3118 3119 3120 3121 3234 3235 3236 3237 }

violet_steppes_3m_2m_area = { 1825 1826 1827 1828 1941 1942 1943 1944 1945 2057 2058 2059 2060 2061 2062 2173 2174 2175 2176 2177 2178 2179 2290 2291 2292 2293 2294 2295 2407 2408 2409 2410 2411 2524 2525 2526 2527 }

violet_steppes_3m_1m_area = { 2180 2181 2182 2183 2296 2297 2298 2299 2300 2412 2413 2414 2415 2416 2417 2528 2529 2530 2531 2532 2533 2534 2645 2646 2647 2648 2649 2650 2762 2763 2764 2765 2766 2879 2880 2881 2882 }

violet_steppes_4m_4m_area = { 1009 1010 1011 1012 1125 1126 1127 1128 1129 1241 1242 1243 1244 1245 1246 1357 1358 1359 1360 1361 1362 1363 1474 1475 1476 1477 1478 1479 1591 1592 1593 1594 1595 1708 1709 1710 1711 }

violet_steppes_4m_3m_area = { 1364 1365 1366 1367 1480 1481 1482 1483 1484 1596 1597 1598 1599 1600 1601 1712 1713 1714 1715 1716 1717 1718 1829 1830 1831 1832 1833 1834 1946 1947 1948 1949 1950 2063 2064 2065 2066 }

violet_steppes_4m_2m_area = { 1719 1720 1721 1722 1835 1836 1837 1838 1839 1951 1952 1953 1954 1955 1956 2067 2068 2069 2070 2071 2072 2073 2184 2185 2186 2187 2188 2189 2301 2302 2303 2304 2305 2418 2419 2420 2421 }

violet_steppes_5m_5m_area = { 548 549 550 551 664 665 666 667 668 780 781 782 783 784 785 896 897 898 899 900 901 902 1013 1014 1015 1016 1017 1018 1130 1131 1132 1133 1134 1247 1248 1249 1250 }

violet_steppes_5m_4m_area = { 903 904 905 906 1019 1020 1021 1022 1023 1135 1136 1137 1138 1139 1140 1251 1252 1253 1254 1255 1256 1257 1368 1369 1370 1371 1372 1373 1485 1486 1487 1488 1489 1602 1603 1604 1605 }

violet_steppes_5m_3m_area = { 1258 1259 1260 1261 1374 1375 1376 1377 1378 1490 1491 1492 1493 1494 1495 1606 1607 1608 1609 1610 1611 1612 1723 1724 1725 1726 1727 1728 1840 1841 1842 1843 1844 1957 1958 1959 1960 }

violet_steppes_6m_6m_area = { 87 88 89 90 203 204 205 206 207 319 320 321 322 323 324 435 436 437 438 439 440 441 552 553 554 555 556 557 669 670 671 672 673 786 787 788 789 }

violet_steppes_6m_5m_area = { 442 443 444 445 558 559 560 561 562 674 675 676 677 678 679 790 791 792 793 794 795 796 907 908 909 910 911 912 1024 1025 1026 1027 1028 1141 1142 1143 1144 }

violet_steppes_6m_4m_area = { 797 798 799 800 913 914 915 916 917 1029 1030 1031 1032 1033 1034 1145 1146 1147 1148 1149 1150 1151 1262 1263 1264 1265 1266 1267 1379 1380 1381 1382 1383 1496 1497 1498 1499 }

violet_steppes_7m_6m_area = { 97 98 99 100 101 213 214 215 216 217 218 329 330 331 332 333 334 335 446 447 448 449 450 451 563 564 565 566 567 680 681 682 683 }

violet_steppes_7m_7m_area = { 91 92 93 94 95 96 208 209 210 211 212 325 326 327 328 }

the_lakes_4m_0_area = { 2429 2430 2431 2432 2545 2546 2547 2548 2549 2661 2662 2663 2664 2665 2666 2777 2778 2779 2780 2781 2782 2783 2894 2895 2896 2897 2898 2899 3011 3012 3013 3014 3015 3128 3129 3130 3131 }

the_lakes_4m_1m_area = { 2074 2075 2076 2077 2190 2191 2192 2193 2194 2306 2307 2308 2309 2310 2311 2422 2423 2424 2425 2426 2427 2428 2539 2540 2541 2542 2543 2544 2656 2657 2658 2659 2660 2773 2774 2775 2776 }

the_lakes_5m_1m_area = { 1968 1969 1970 1971 2084 2085 2086 2087 2088 2200 2201 2202 2203 2204 2205 2316 2317 2318 2319 2320 2321 2322 2433 2434 2435 2436 2437 2438 2550 2551 2552 2553 2554 2667 2668 2669 2670 }

the_lakes_5m_2m_area = { 1613 1614 1615 1616 1729 1730 1731 1732 1733 1845 1846 1847 1848 1849 1850 1961 1962 1963 1964 1965 1966 1967 2078 2079 2080 2081 2082 2083 2195 2196 2197 2198 2199 2312 2313 2314 2315 }

the_lakes_6m_3m_area = { 1152 1153 1154 1155 1268 1269 1270 1271 1272 1384 1385 1386 1387 1388 1389 1500 1501 1502 1503 1504 1505 1506 1617 1618 1619 1620 1621 1622 1734 1735 1736 1737 1738 1851 1852 1853 1854 }

dragontail_mountains_1p_2m_area = { 2249 2250 2251 2252 2365 2366 2367 2368 2369 2481 2482 2483 2484 2485 2486 2597 2598 2599 2600 2601 2602 2603 2714 2715 2716 2717 2718 2719 2831 2832 2833 2834 2835 2948 2949 2950 2951 }

dragontail_mountains_2p_0_area = { 3065 3066 3067 3068 3181 3182 3183 3184 3185 3297 3298 3299 3300 3301 3302 3413 3414 3415 3416 3417 3418 3419 3530 3531 3532 3533 3534 3535 3647 3648 3649 3650 3651 3764 3765 3766 3767 }

dragontail_mountains_3p_2p_area = { 3881 3882 3883 3884 3997 3998 3999 4000 4001 4113 4114 4115 4116 4117 4118 4229 4230 4231 4232 4233 4234 4235 4346 4347 4348 4349 4350 4351 4463 4464 4465 4466 4467 4580 4581 4582 4583 }

dragontail_mountains_2p_1m_area = { 2710 2711 2712 2713 2826 2827 2828 2829 2830 2942 2943 2944 2945 2946 2947 3058 3059 3060 3061 3062 3063 3064 3175 3176 3177 3178 3179 3180 3292 3293 3294 3295 3296 3409 3410 3411 3412 }

dragontail_mountains_3p_0_area = { 3171 3172 3173 3174 3287 3288 3289 3290 3291 3403 3404 3405 3406 3407 3408 3519 3520 3521 3522 3523 3524 3525 3636 3637 3638 3639 3640 3641 3753 3754 3755 3756 3757 3870 3871 3872 3873 }

dragontail_mountains_3p_1p_area = { 3526 3527 3528 3529 3642 3643 3644 3645 3646 3758 3759 3760 3761 3762 3763 3874 3875 3876 3877 3878 3879 3880 3991 3992 3993 3994 3995 3996 4108 4109 4110 4111 4112 4225 4226 4227 4228 }

dragontail_mountains_2p_2m_area = { 2355 2356 2357 2358 2471 2472 2473 2474 2475 2587 2588 2589 2590 2591 2592 2703 2704 2705 2706 2707 2708 2709 2820 2821 2822 2823 2824 2825 2937 2938 2939 2940 2941 3054 3055 3056 3057 }

dragontail_mountains_3p_1m_area = { 2816 2817 2818 2819 2932 2933 2934 2935 2936 3048 3049 3050 3051 3052 3053 3164 3165 3166 3167 3168 3169 3170 3281 3282 3283 3284 3285 3286 3398 3399 3400 3401 3402 3515 3516 3517 3518 }

dragontail_mountains_3p_2m_area = { 2461 2462 2463 2464 2577 2578 2579 2580 2581 2693 2694 2695 2696 2697 2698 2809 2810 2811 2812 2813 2814 2815 2926 2927 2928 2929 2930 2931 3043 3044 3045 3046 3047 3160 3161 3162 3163 }

dragontail_mountains_3p_3m_area = { 2106 2107 2108 2109 2222 2223 2224 2225 2226 2338 2339 2340 2341 2342 2343 2454 2455 2456 2457 2458 2459 2460 2571 2572 2573 2574 2575 2576 2688 2689 2690 2691 2692 2805 2806 2807 2808 }

dragontail_mountains_4p_2m_area = { 2567 2568 2569 2570 2683 2684 2685 2686 2687 2799 2800 2801 2802 2803 2804 2915 2916 2917 2918 2919 2920 2921 3032 3033 3034 3035 3036 3037 3149 3150 3151 3152 3153 3266 3267 3268 3269 }

dragontail_mountains_4p_0_area = { 3277 3278 3279 3280 3393 3394 3395 3396 3397 3509 3510 3511 3512 3513 3514 3625 3626 3627 3628 3629 3630 3631 3742 3743 3744 3745 3746 3747 3859 3860 3861 3862 3863 3976 3977 3978 3979 }

dragontail_mountains_2p_3m_area = { 2000 2001 2002 2003 2116 2117 2118 2119 2120 2232 2233 2234 2235 2236 2237 2348 2349 2350 2351 2352 2353 2354 2465 2466 2467 2468 2469 2470 2582 2583 2584 2585 2586 2699 2700 2701 2702 }

dragontail_mountains_2p_4m_area = { 1645 1646 1647 1648 1761 1762 1763 1764 1765 1877 1878 1879 1880 1881 1882 1993 1994 1995 1996 1997 1998 1999 2110 2111 2112 2113 2114 2115 2227 2228 2229 2230 2231 2344 2345 2346 2347 }

golden_valley_4p_4p_area = { 4697 4698 4699 4700 4813 4814 4815 4816 4817 4929 4930 4931 4932 4933 4934 5045 5046 5047 5048 5049 5050 5051 5162 5163 5164 5165 5166 5167 5279 5280 5281 5282 5283 5396 5397 5398 5399 }

golden_valley_4p_3p_area = { 4342 4343 4344 4345 4458 4459 4460 4461 4462 4574 4575 4576 4577 4578 4579 4690 4691 4692 4693 4694 4695 4696 4807 4808 4809 4810 4811 4812 4924 4925 4926 4927 4928 5041 5042 5043 5044 }

golden_valley_4p_2p_area = { 3987 3988 3989 3990 4103 4104 4105 4106 4107 4219 4220 4221 4222 4223 4224 4335 4336 4337 4338 4339 4340 4341 4452 4453 4454 4455 4456 4457 4569 4570 4571 4572 4573 4686 4687 4688 4689 }

golden_valley_4p_1p_area = { 3632 3633 3634 3635 3748 3749 3750 3751 3752 3864 3865 3866 3867 3868 3869 3980 3981 3982 3983 3984 3985 3986 4097 4098 4099 4100 4101 4102 4214 4215 4216 4217 4218 4331 4332 4333 4334 }

golden_valley_5p_6p_area = { 5513 5514 5515 5516 5629 5630 5631 5632 5633 5745 5746 5747 5748 5749 5750 5861 5862 5863 5864 5865 5866 5867 5978 5979 5980 5981 5982 5983 6095 6096 6097 6098 6099 6212 6213 6214 6215 }

golden_valley_5p_5p_area = { 5158 5159 5160 5161 5274 5275 5276 5277 5278 5390 5391 5392 5393 5394 5395 5506 5507 5508 5509 5510 5511 5512 5623 5624 5625 5626 5627 5628 5740 5741 5742 5743 5744 5857 5858 5859 5860 }

golden_valley_5p_4p_area = { 4803 4804 4805 4806 4919 4920 4921 4922 4923 5035 5036 5037 5038 5039 5040 5151 5152 5153 5154 5155 5156 5157 5268 5269 5270 5271 5272 5273 5385 5386 5387 5388 5389 5502 5503 5504 5505 }

golden_valley_5p_3p_area = { 4448 4449 4450 4451 4564 4565 4566 4567 4568 4680 4681 4682 4683 4684 4685 4796 4797 4798 4799 4800 4801 4802 4913 4914 4915 4916 4917 4918 5030 5031 5032 5033 5034 5147 5148 5149 5150 }

golden_valley_5p_2p_area = { 4093 4094 4095 4096 4209 4210 4211 4212 4213 4325 4326 4327 4328 4329 4330 4441 4442 4443 4444 4445 4446 4447 4558 4559 4560 4561 4562 4563 4675 4676 4677 4678 4679 4792 4793 4794 4795 }

golden_valley_6p_5p_area = { 5264 5265 5266 5267 5380 5381 5382 5383 5384 5496 5497 5498 5499 5500 5501 5612 5613 5614 5615 5616 5617 5618 5729 5730 5731 5732 5733 5734 5846 5847 5848 5849 5850 5963 5964 5965 5966 }

golden_valley_6p_4p_area = { 4909 4910 4911 4912 5025 5026 5027 5028 5029 5141 5142 5143 5144 5145 5146 5257 5258 5259 5260 5261 5262 5263 5374 5375 5376 5377 5378 5379 5491 5492 5493 5494 5495 5608 5609 5610 5611 }

golden_valley_6p_6p_area = { 5619 5620 5621 5622 5735 5736 5737 5738 5739 5851 5852 5853 5854 5855 5856 5967 5968 5969 5970 5971 5972 5973 6084 6085 6086 6087 6088 6089 6201 6202 6203 6204 6205 6318 6319 6320 6321 }

golden_valley_6p_7p_area = { 5974 5975 5976 5977 6090 6091 6092 6093 6094 6206 6207 6208 6209 6210 6211 6322 6323 6324 6325 6326 6327 6328 6439 6440 6441 6442 6443 6444 }

golden_valley_6p_8p_area = { 6329 6330 6331 6332 6445 6446 6447 6448 6449 }

golden_valley_7p_8p_area = { 6435 6436 6437 6438 }

the_shards_4p_7p_area = { 5762 5763 5764 5765 5878 5879 5880 5881 5882 5994 5995 5996 5997 5998 5999 6110 6111 6112 6113 6114 6115 6116 6227 6228 6229 6230 6231 6232 6344 6345 6346 6347 6348 6461 6462 6463 6464 }

the_shards_4p_6p_area = { 5407 5408 5409 5410 5523 5524 5525 5526 5527 5639 5640 5641 5642 5643 5644 5755 5756 5757 5758 5759 5760 5761 5872 5873 5874 5875 5876 5877 5989 5990 5991 5992 5993 6106 6107 6108 6109 }

the_shards_4p_5p_area = { 5052 5053 5054 5055 5168 5169 5170 5171 5172 5284 5285 5286 5287 5288 5289 5400 5401 5402 5403 5404 5405 5406 5517 5518 5519 5520 5521 5522 5634 5635 5636 5637 5638 5751 5752 5753 5754 }

the_shards_5p_7p_area = { 5868 5869 5870 5871 5984 5985 5986 5987 5988 6100 6101 6102 6103 6104 6105 6216 6217 6218 6219 6220 6221 6222 6333 6334 6335 6336 6337 6338 6450 6451 6452 6453 6454 }

the_shards_5p_8p_area = { 6223 6224 6225 6226 6339 6340 6341 6342 6343 6455 6456 6457 6458 6459 6460 }

green_wastes_1p_3m_area = { 1894 1895 1896 1897 2010 2011 2012 2013 2014 2126 2127 2128 2129 2130 2131 2242 2243 2244 2245 2246 2247 2248 2359 2360 2361 2362 2363 2364 2476 2477 2478 2479 2480 2593 2594 2595 2596 }

green_wastes_1p_4m_area = { 1539 1540 1541 1542 1655 1656 1657 1658 1659 1771 1772 1773 1774 1775 1776 1887 1888 1889 1890 1891 1892 1893 2004 2005 2006 2007 2008 2009 2121 2122 2123 2124 2125 2238 2239 2240 2241 }

green_wastes_0_4m_area = { 1433 1434 1435 1436 1549 1550 1551 1552 1553 1665 1666 1667 1668 1669 1670 1781 1782 1783 1784 1785 1786 1787 1898 1899 1900 1901 1902 1903 2015 2016 2017 2018 2019 2132 2133 2134 2135 }

green_wastes_0_5m_area = { 1078 1079 1080 1081 1194 1195 1196 1197 1198 1310 1311 1312 1313 1314 1315 1426 1427 1428 1429 1430 1431 1432 1543 1544 1545 1546 1547 1548 1660 1661 1662 1663 1664 1777 1778 1779 1780 }

green_wastes_1m_5m_area = { 972 973 974 975 1088 1089 1090 1091 1092 1204 1205 1206 1207 1208 1209 1320 1321 1322 1323 1324 1325 1326 1437 1438 1439 1440 1441 1442 1554 1555 1556 1557 1558 1671 1672 1673 1674 }

green_wastes_1m_6m_area = { 617 618 619 620 733 734 735 736 737 849 850 851 852 853 854 965 966 967 968 969 970 971 1082 1083 1084 1085 1086 1087 1199 1200 1201 1202 1203 1316 1317 1318 1319 }

green_wastes_1m_7m_area = { 262 263 264 265 378 379 380 381 382 494 495 496 497 498 499 610 611 612 613 614 615 616 727 728 729 730 731 732 844 845 846 847 848 961 962 963 964 }

green_wastes_1m_8m_area = { 23 24 25 26 27 139 140 141 142 143 144 255 256 257 258 259 260 261 372 373 374 375 376 377 489 490 491 492 493 606 607 608 609 }

green_wastes_2m_9m_area = { 28 29 30 31 32 145 146 147 148 }

deadlands_6p_3p_area = { 4554 4555 4556 4557 4670 4671 4672 4673 4674 4786 4787 4788 4789 4790 4791 4902 4903 4904 4905 4906 4907 4908 5019 5020 5021 5022 5023 5024 5136 5137 5138 5139 5140 5253 5254 5255 5256 }

deadlands_6p_2p_area = { 4199 4200 4201 4202 4315 4316 4317 4318 4319 4431 4432 4433 4434 4435 4436 4547 4548 4549 4550 4551 4552 4553 4664 4665 4666 4667 4668 4669 4781 4782 4783 4784 4785 4898 4899 4900 4901 }

deadlands_5p_1p_area = { 3738 3739 3740 3741 3854 3855 3856 3857 3858 3970 3971 3972 3973 3974 3975 4086 4087 4088 4089 4090 4091 4092 4203 4204 4205 4206 4207 4208 4320 4321 4322 4323 4324 4437 4438 4439 4440 }

deadlands_5p_0_area = { 3383 3384 3385 3386 3499 3500 3501 3502 3503 3615 3616 3617 3618 3619 3620 3731 3732 3733 3734 3735 3736 3737 3848 3849 3850 3851 3852 3853 3965 3966 3967 3968 3969 4082 4083 4084 4085 }

deadlands_4p_1m_area = { 2922 2923 2924 2925 3038 3039 3040 3041 3042 3154 3155 3156 3157 3158 3159 3270 3271 3272 3273 3274 3275 3276 3387 3388 3389 3390 3391 3392 3504 3505 3506 3507 3508 3621 3622 3623 3624 }

red_marshes_0_6m_area = { 723 724 725 726 839 840 841 842 843 955 956 957 958 959 960 1071 1072 1073 1074 1075 1076 1077 1188 1189 1190 1191 1192 1193 1305 1306 1307 1308 1309 1422 1423 1424 1425 }

red_marshes_0_7m_area = { 368 369 370 371 484 485 486 487 488 600 601 602 603 604 605 716 717 718 719 720 721 722 833 834 835 836 837 838 950 951 952 953 954 1067 1068 1069 1070 }

red_marshes_1p_5m_area = { 1184 1185 1186 1187 1300 1301 1302 1303 1304 1416 1417 1418 1419 1420 1421 1532 1533 1534 1535 1536 1537 1538 1649 1650 1651 1652 1653 1654 1766 1767 1768 1769 1770 1883 1884 1885 1886 }

red_marshes_1p_6m_area = { 829 830 831 832 945 946 947 948 949 1061 1062 1063 1064 1065 1066 1177 1178 1179 1180 1181 1182 1183 1294 1295 1296 1297 1298 1299 1411 1412 1413 1414 1415 1528 1529 1530 1531 }

red_marshes_2p_5m_area = { 1290 1291 1292 1293 1406 1407 1408 1409 1410 1522 1523 1524 1525 1526 1527 1638 1639 1640 1641 1642 1643 1644 1755 1756 1757 1758 1759 1760 1872 1873 1874 1875 1876 1989 1990 1991 1992 }

the_pale_2m_6m_area = { 511 512 513 514 627 628 629 630 631 743 744 745 746 747 748 859 860 861 862 863 864 865 976 977 978 979 980 981 1093 1094 1095 1096 1097 1210 1211 1212 1213 }

the_pale_2m_7m_area = { 156 157 158 159 272 273 274 275 276 388 389 390 391 392 393 504 505 506 507 508 509 510 621 622 623 624 625 626 738 739 740 741 742 855 856 857 858 }

the_pale_2m_8m_area = { 33 34 35 36 37 38 149 150 151 152 153 154 155 266 267 268 269 270 271 383 384 385 386 387 500 501 502 503 }

the_pale_3m_7m_area = { 50 51 52 53 166 167 168 169 170 282 283 284 285 286 287 398 399 400 401 402 403 404 515 516 517 518 519 520 632 633 634 635 636 749 750 751 752 }

the_pale_3m_8m_area = { 43 44 45 46 47 48 49 160 161 162 163 164 165 277 278 279 280 281 394 395 396 397 }

the_pale_3m_9m_area = { 39 40 41 42 }

sugar_plains_0_8p_area = { 5693 5694 5695 5696 5809 5810 5811 5812 5813 5925 5926 5927 5928 5929 5930 6041 6042 6043 6044 6045 6046 6047 6158 6159 6160 6161 6162 6163 6275 6276 6277 6278 6279 6392 6393 6394 6395 }

sugar_plains_0_9p_area = { 6048 6049 6050 6051 6164 6165 6166 6167 6168 6280 6281 6282 6283 6284 6285 6396 6397 6398 6399 6400 6401 6402 6513 6514 6515 6516 6517 6518 }

sugar_plains_1m_7p_area = { 5232 5233 5234 5235 5348 5349 5350 5351 5352 5464 5465 5466 5467 5468 5469 5580 5581 5582 5583 5584 5585 5586 5697 5698 5699 5700 5701 5702 5814 5815 5816 5817 5818 5931 5932 5933 5934 }

sugar_plains_1m_8p_area = { 5587 5588 5589 5590 5703 5704 5705 5706 5707 5819 5820 5821 5822 5823 5824 5935 5936 5937 5938 5939 5940 5941 6052 6053 6054 6055 6056 6057 6169 6170 6171 6172 6173 6286 6287 6288 6289 }

sugar_plains_1m_9p_area = { 5942 6058 6174 6175 6290 6291 6407 6408 6524 }

sugar_plains_1p_10p_area = { 6509 6510 6511 6512 }

sugar_plains_0_10p_area = { 6403 6404 6405 6406 6519 6520 6521 6522 6523 }

sugar_plains_1p_9p_area = { 6154 6155 6156 6157 6270 6271 6272 6273 6274 6386 6387 6388 6389 6390 6391 6502 6503 6504 6505 6506 6507 6508 }

sugar_plains_2m_7p_area = { 5126 5242 5243 5358 5359 5474 5475 5476 5591 5592 5708 5709 5825 }

sweet_seas_2m_5p_area = { 4416 4417 4418 4419 4532 4533 4534 4535 4536 4648 4649 4650 4651 4652 4653 4764 4765 4766 4767 4768 4769 4770 4881 4882 4883 4884 4885 4886 4998 4999 5000 5001 5002 5115 5116 5117 5118 }

sweet_seas_2m_6p_area = { 4771 4772 4773 4774 4887 4888 4889 4890 4891 5003 5004 5005 5006 5007 5008 5119 5120 5121 5122 5123 5124 5125 5236 5237 5238 5239 5240 5241 5353 5354 5355 5356 5357 5470 5471 5472 5473 }

sweet_seas_3m_4p_area = { 3955 3956 3957 3958 4071 4072 4073 4074 4075 4187 4188 4189 4190 4191 4192 4303 4304 4305 4306 4307 4308 4309 4420 4421 4422 4423 4424 4425 4537 4538 4539 4540 4541 4654 4655 4656 4657 }

sweet_seas_3m_5p_area = { 4310 4311 4426 4427 4542 4543 4544 4658 4659 4660 4775 4776 4777 4892 4893 5009 5010 }

sweet_seas_4m_3p_area = { 3494 3495 3610 3611 3612 3726 3727 3728 3842 3843 3844 3845 3959 3960 3961 4076 4077 4078 4193 4194 }

black_sands_6m_2m_area = { 1507 1508 1509 1510 1623 1624 1625 1626 1627 1739 1740 1741 1742 1743 1744 1855 1856 1857 1858 1859 1860 1861 1972 1973 1974 1975 1976 1977 2089 2090 2091 2092 2093 2206 2207 2208 2209 }

black_sands_7m_5m_area = { 336 337 338 339 452 453 454 455 456 568 569 570 571 572 573 684 685 686 687 688 689 690 801 802 803 804 805 806 918 919 920 921 922 1035 1036 1037 1038 }

black_sands_7m_4m_area = { 691 692 693 694 807 808 809 810 811 923 924 925 926 927 928 1039 1040 1041 1042 1043 1044 1045 1156 1157 1158 1159 1160 1161 1273 1274 1275 1276 1277 1390 1391 1392 1393 }

black_sands_7m_3m_area = { 1046 1047 1048 1049 1162 1163 1164 1165 1278 1279 1280 1281 1282 1394 1395 1396 1397 1398 1511 1512 1513 1514 1515 1628 1629 1630 1631 1745 1746 1747 1748 }

black_sands_8m_5m_area = { 230 231 232 233 346 347 348 349 350 462 463 464 465 466 578 579 580 581 582 583 695 696 697 698 699 812 813 814 815 816 929 930 931 932 }

black_sands_8m_6m_area = { 107 108 109 110 111 112 223 224 225 226 227 228 229 340 341 342 343 344 345 457 458 459 460 461 574 575 576 577 }

black_sands_8m_7m_area = { 102 103 104 105 106 219 220 221 222 }

black_sands_9m_7m_area = { 113 114 115 116 }

black_sands_9m_6m_area = { 117 }

brimstone_5m_0_area = { 2323 2324 2325 2326 2439 2440 2441 2442 2443 2555 2556 2557 2558 2559 2560 2671 2672 2673 2674 2675 2676 2677 2788 2789 2790 2791 2792 2793 2905 2906 2907 2908 2909 3022 3023 3024 3025 }

brimstone_5m_1p_area = { 2678 2679 2680 2794 2795 2796 2910 2911 2912 2913 3026 3027 3028 3029 3143 3144 3145 3146 3260 3261 3262 3377 3378 3379 }

brimstone_6m_1m_area = { 1862 1863 1864 1978 1979 1980 1981 2094 2095 2096 2097 2210 2211 2212 2213 2214 2327 2328 2329 2330 2444 2445 2446 2447 2561 2562 2563 }

frozen_lands_1p_9m_area = { 1 118 234 }

frozen_lands_1p_8m_area = { 119 120 121 122 235 236 237 238 239 351 352 353 354 355 356 467 468 469 470 471 472 473 584 585 586 587 588 589 701 702 703 704 705 818 819 820 821 }

frozen_lands_1p_7m_area = { 474 475 476 477 590 591 592 593 594 706 707 708 709 710 711 822 823 824 825 826 827 828 939 940 941 942 943 944 1056 1057 1058 1059 1060 1173 1174 1175 1176 }

frozen_lands_0_10m_area = { 2 3 4 5 }

frozen_lands_0_9m_area = { 6 7 8 9 10 11 12 123 124 125 126 127 128 240 241 242 243 244 357 358 359 360 }

frozen_lands_0_8m_area = { 13 14 15 16 129 130 131 132 133 245 246 247 248 249 250 361 362 363 364 365 366 367 478 479 480 481 482 483 595 596 597 598 599 712 713 714 715 }

frozen_lands_2p_7m_area = { 700 817 933 934 1050 1166 }

frozen_lands_2p_6m_area = { 935 936 937 938 1051 1052 1053 1054 1055 1167 1168 1169 1170 1171 1172 1283 1284 1285 1286 1287 1288 1289 1400 1401 1402 1403 1404 1405 1517 1518 1519 1520 1521 1634 1635 1636 1637 }

frozen_lands_1m_9m_area = { 17 18 19 20 21 22 134 135 136 137 138 251 252 253 254 }

ghost_sea_3p_4m_area = { 1751 1752 1753 1754 1867 1868 1869 1870 1871 1983 1984 1985 1986 1987 1988 2099 2100 2101 2102 2103 2104 2105 2216 2217 2218 2219 2220 2221 2333 2334 2335 2336 2337 2450 2451 2452 2453 }

ghost_sea_4p_3m_area = { 2215 2331 2332 2448 2449 2564 2565 2566 2681 2682 2797 2798 2914 }

ghost_sea_5p_1m_area = { 3030 3031 3147 3148 3263 3264 3265 3380 3381 3382 3496 3497 3498 3613 3614 3729 3730 }

ghost_sea_3p_5m_area = { 1399 1516 1632 1633 1749 1750 1865 1866 1982 2098 }

ghost_sea_6p_1p_area = { 3846 3847 3962 3963 3964 4079 4080 4081 4195 4196 4197 4198 4312 4313 4314 4428 4429 4430 4545 4546 }

ghost_sea_7p_3p_area = { 4661 4662 4663 4778 4779 4780 4894 4895 4896 4897 5011 5012 5013 5014 5127 5128 5129 5130 5244 5245 5246 5360 5361 5362 }

blue_mountains_7p_4p_area = { 5015 5016 5017 5018 5131 5132 5133 5134 5135 5247 5248 5249 5250 5251 5252 5363 5364 5365 5366 5367 5368 5369 5480 5481 5482 5483 5484 5485 5597 5598 5599 5600 5601 5714 5715 5716 5717 }

blue_mountains_7p_5p_area = { 5370 5371 5372 5373 5486 5487 5488 5489 5490 5602 5603 5604 5605 5606 5607 5718 5719 5720 5721 5722 5723 5724 5835 5836 5837 5838 5839 5840 5952 5953 5954 5955 5956 6069 6070 6071 6072 }

blue_mountains_7p_6p_area = { 5725 5726 5727 5728 5841 5842 5843 5844 5845 5957 5958 5959 5960 5961 5962 6073 6074 6075 6076 6077 6078 6079 6190 6191 6192 6193 6194 6195 6307 6308 6309 6310 6311 6424 6425 6426 6427 }

blue_mountains_7p_7p_area = { 6080 6081 6082 6083 6196 6197 6198 6199 6200 6312 6313 6314 6315 6316 6317 6428 6429 6430 6431 6432 6433 6434 }

blue_mountains_8p_5p_area = { 5477 5478 5479 5593 5594 5595 5596 5710 5711 5712 5713 5826 5827 5828 5829 5830 5943 5944 5945 5946 6059 6060 6061 6062 6176 6177 6178 }

blue_mountains_8p_6p_area = { 5831 5832 5833 5834 5947 5948 5949 5950 5951 6063 6064 6065 6066 6067 6068 6179 6180 6181 6182 6183 6184 6185 6296 6297 6298 6299 6300 6301 6413 6414 6415 6416 6417 }

blue_mountains_8p_7p_area = { 6186 6187 6188 6189 6302 6303 6304 6305 6306 6418 6419 6420 6421 6422 6423 }

blue_mountains_9p_7p_area = { 6292 6293 6294 6295 6409 6410 6411 6412 }